99,128
99,123
99,122
99,121
99,120
99,119
99,118
99,117
99,116
99,115
99,114
99,113
99,112
99,111
99,110
99,109
99,108
99,107
99,106
99,105
99,104
99,103
51,13
51,12
51,11
99,102
99,101
99,100
99,99
99,98
99,97
91,17
91,16
103,24
103,23
103,22
103,21
103,20
103,19
103,18
103,17
103,16
103,15
103,14
103,13
103,12
103,11
103,10
103,9
103,8
103,7
104,5
104,4
104,3
104,2
104,1
104,0
91,15
91,14
91,13
93,67
93,66
93,65
93,64
93,37
93,36
103,6
103,5
103,4
103,3
103,2
103,1
103,0
102,7
102,6
99,96
99,95
99,94
99,93
99,92
99,91
99,90
101,7
101,6
92,24
99,89
99,88
93,29
93,28
93,27
93,26
93,25
93,24
93,23
93,22
93,21
99,87
99,86
93,20
93,19
93,18
93,17
93,16
93,15
93,14
93,13
93,12
93,11
93,10
93,9
93,8
93,7
93,6
99,85
99,84
92,23
99,83
99,82
99,81
99,80
99,79
99,78
99,77
99,76
99,75
99,74
99,73
99,72
99,71
99,70
99,69
99,68
99,67
99,66
99,65
99,64
99,37
99,36
99,35
99,34
99,33
99,32
99,31
99,30
99,29
99,28
99,27
99,26
99,25
99,24
99,23
99,22
99,21
99,20
99,14
99,13
99,12
92,22
92,21
92,20
92,19
92,18
92,17
92,16
92,15
92,14
92,13
92,12
92,11
92,10
92,9
92,8
92,7
92,6
99,11
99,10
99,9
99,8
99,7
99,6
91,11
91,10
91,9
102,5
102,4
102,3
102,2
102,1
102,0
101,5
101,4
101,3
101,2
101,1
101,0
100,5
100,4
100,3
100,2
100,1
100,0
99,5
99,4
99,3
99,2
99,1
99,0
98,5
98,4
98,3
98,2
98,1
98,0
97,5
97,4
97,3
97,2
97,1
97,0
96,5
96,4
96,3
96,2
96,1
96,0
95,5
95,4
95,3
95,2
95,1
95,0
94,5
94,4
94,3
94,2
94,1
94,0
93,5
93,4
93,3
93,2
93,1
93,0
92,5
92,4
92,3
92,2
92,1
92,0
91,5
91,4
91,3
91,2
91,1
91,0
90,3
90,2
90,1
90,0
86,112
79,26
79,25
79,24
79,23
79,22
86,111
86,110
86,109
86,108
86,107
86,106
86,105
86,104
86,103
86,102
86,101
86,100
86,99
86,98
86,97
86,96
78,17
78,16
78,15
86,95
86,94
80,29
80,28
80,27
80,26
80,25
80,24
79,21
79,20
79,19
79,18
79,17
79,16
79,15
79,14
79,13
79,12
79,11
79,10
79,9
79,8
79,7
79,6
86,93
86,92
86,91
86,90
86,89
86,88
86,87
86,86
86,85
86,84
86,83
86,82
86,81
86,80
86,79
86,78
86,77
86,76
86,75
86,74
86,73
86,72
86,71
86,70
86,69
86,68
86,67
86,66
86,65
86,64
86,37
86,36
86,35
86,34
86,33
86,32
86,31
86,30
86,29
86,28
45,151
45,150
45,149
45,148
45,147
45,146
45,145
45,144
45,143
45,142
45,141
45,140
45,139
45,138
45,137
45,136
45,135
45,134
45,133
45,132
45,131
45,130
45,129
45,128
45,127
45,126
45,125
45,124
45,123
45,122
6,85
6,84
86,27
86,26
86,25
86,24
86,23
86,22
78,8
78,7
78,6
89,5
89,4
89,3
89,2
89,1
89,0
88,5
88,4
88,3
88,2
88,1
88,0
87,5
87,4
87,3
87,2
87,1
87,0
86,5
86,4
86,3
86,2
86,1
86,0
85,5
85,4
85,3
85,2
85,1
85,0
84,5
84,4
84,3
84,2
84,1
84,0
83,5
83,4
83,3
83,2
83,1
83,0
82,5
82,4
82,3
82,2
82,1
82,0
81,5
81,4
81,3
81,2
81,1
81,0
80,5
80,4
80,3
80,2
80,1
80,0
79,5
79,4
79,3
79,2
79,1
79,0
78,5
78,4
78,3
78,2
78,1
78,0
74,101
74,100
74,99
74,98
74,97
74,96
74,95
74,94
66,16
66,15
74,93
74,92
74,91
74,90
74,89
74,88
74,87
74,86
74,85
74,84
74,83
74,82
74,81
74,80
74,79
74,78
74,77
74,76
74,75
74,74
74,73
74,72
74,71
67,27
67,26
67,25
67,24
67,23
68,17
68,16
68,15
68,14
68,13
68,12
74,70
66,14
66,13
66,12
74,69
74,68
74,67
74,66
74,65
74,64
74,37
74,36
74,35
74,34
74,33
74,32
74,31
74,30
74,29
74,28
74,27
74,26
39,94
74,25
74,24
74,23
74,22
74,21
74,20
74,19
74,18
74,17
74,16
74,15
74,14
74,13
74,12
67,22
67,21
67,20
67,19
67,18
67,17
67,16
67,15
67,14
67,13
67,12
67,11
67,10
67,9
67,8
67,7
67,6
74,11
74,10
74,9
74,8
74,7
74,6
66,11
66,10
66,9
66,8
66,7
66,6
77,5
77,4
77,3
77,2
77,1
77,0
76,5
76,4
76,3
76,2
76,1
76,0
75,5
75,4
75,3
75,2
75,1
75,0
74,5
74,4
74,3
74,2
74,1
74,0
73,5
73,4
73,3
73,2
73,1
73,0
72,5
72,4
72,3
72,2
72,1
72,0
71,5
71,4
71,3
71,2
71,1
71,0
70,5
70,4
70,3
70,2
70,1
70,0
69,5
69,4
69,3
69,2
69,1
69,0
68,5
68,4
68,3
68,2
68,1
68,0
67,5
67,4
67,3
67,2
67,1
67,0
66,5
66,4
66,3
66,2
66,1
66,0
65,3
65,2
65,1
65,0
61,25
61,24
61,23
61,22
61,21
61,20
61,19
61,18
61,17
61,16
61,15
61,14
61,13
61,12
54,22
54,21
54,20
54,19
54,18
54,17
54,16
54,15
54,14
54,13
54,12
54,11
54,10
54,9
54,8
54,7
54,6
61,11
61,10
61,9
61,8
61,7
61,6
53,11
53,10
53,9
53,8
53,7
53,6
64,5
64,4
64,3
64,2
64,1
64,0
63,5
63,4
63,3
63,2
63,1
63,0
62,5
62,4
62,3
62,2
62,1
62,0
61,5
61,4
61,3
61,2
61,1
61,0
60,5
60,4
60,3
60,2
60,1
60,0
2,15
59,5
59,4
59,3
59,2
59,1
59,0
58,5
58,4
58,3
58,2
58,1
58,0
57,5
57,4
57,3
57,2
57,1
57,0
56,5
56,4
56,3
56,2
56,1
56,0
55,5
55,4
55,3
55,2
55,1
55,0
54,5
54,4
54,3
54,2
54,1
54,0
53,5
53,4
53,3
53,2
53,1
53,0
52,3
52,2
52,1
52,0
49,92
49,91
51,10
51,9
51,8
51,7
51,6
51,5
51,4
51,3
51,2
51,1
51,0
46,26
46,25
46,24
46,23
46,22
46,21
46,20
46,19
46,18
46,17
46,16
46,15
46,14
46,13
46,12
46,11
46,10
46,9
46,8
46,7
46,6
49,90
49,89
49,88
49,87
49,86
49,85
49,84
49,83
49,82
49,81
49,80
49,79
49,78
49,77
49,76
49,75
49,74
49,73
49,72
49,71
49,70
49,69
49,68
49,67
49,66
49,65
49,64
49,37
49,36
49,35
49,34
49,33
49,32
49,31
49,30
49,29
49,28
44,14
44,13
44,12
49,27
49,26
49,25
49,24
49,23
49,22
50,3
50,2
50,1
50,0
2,14
49,5
49,4
49,3
49,2
49,1
49,0
47,17
47,16
47,15
47,14
47,13
47,12
47,11
47,10
47,9
47,8
47,7
47,6
48,5
48,4
48,3
48,2
48,1
48,0
44,11
44,10
44,9
47,5
47,4
47,3
47,2
47,1
47,0
44,8
44,7
44,6
46,5
46,4
46,3
46,2
46,1
46,0
45,5
45,4
45,3
45,2
45,1
45,0
44,5
44,4
44,3
44,2
44,1
44,0
6,78
6,77
6,76
43,6
43,5
43,4
43,3
43,2
43,1
43,0
0,494
6,75
6,74
2,13
42,6
42,5
42,4
42,3
42,2
42,1
42,0
41,6
41,5
41,4
41,3
41,2
41,1
41,0
7,25
40,10
40,9
40,8
40,7
40,6
40,5
40,4
40,3
40,2
40,1
40,0
39,93
39,92
39,91
39,90
39,89
39,88
39,87
39,86
39,85
39,84
39,83
39,82
39,81
39,80
39,79
39,78
39,77
39,76
39,75
39,74
39,73
39,39
39,38
39,4
39,72
39,71
39,70
39,69
39,68
39,67
39,66
39,65
39,64
39,127
39,37
39,36
39,35
39,34
39,33
39,32
39,31
39,30
39,29
39,28
39,27
39,26
39,25
39,24
39,23
39,22
39,21
39,20
39,19
39,18
39,17
39,16
39,15
39,14
39,13
39,12
39,11
39,10
39,9
39,8
39,7
39,6
39,5
39,3
39,2
39,1
39,0
7,24
7,23
7,22
7,21
7,20
7,19
7,18
7,17
7,16
7,15
7,14
7,13
7,12
7,11
7,10
7,9
7,8
6,73
6,72
6,71
6,69
7,7
7,6
6,68
6,67
38,6
38,5
38,4
38,3
38,2
38,1
38,0
37,6
37,5
37,4
37,3
37,2
37,1
37,0
2,12
36,4
36,3
36,2
36,1
36,0
2,11
35,5
35,4
35,3
35,2
35,1
35,0
2,10
34,9
34,8
34,7
34,6
34,5
34,4
34,3
34,2
34,1
34,0
33,5
33,4
33,3
33,2
33,1
33,0
32,6
32,5
32,4
32,3
32,2
32,1
32,0
6,66
6,65
6,64
6,35
31,5
31,4
31,3
31,2
31,1
31,0
0,437
0,436
2,9
30,7
30,6
30,5
30,4
30,3
30,2
30,1
30,0
29,5
29,4
29,3
29,2
29,1
29,0
28,5
28,4
28,3
28,2
28,1
28,0
6,34
6,33
6,32
6,31
6,30
27,5
27,4
27,3
27,2
27,1
27,0
2,8
26,12
26,11
26,10
26,9
26,8
26,7
26,6
26,5
26,4
26,3
26,2
26,1
26,0
25,6
25,5
25,4
25,3
25,2
25,1
25,0
24,6
24,5
24,4
24,3
24,2
24,1
24,0
2,7
23,4
23,3
23,2
23,1
23,0
22,3
22,2
22,1
22,0
7,5
7,4
6,23
6,22
21,8
21,7
21,6
21,5
21,4
21,3
21,2
21,1
21,0
6,19
6,18
20,4
20,3
20,2
20,1
20,0
2,6
19,8
19,7
19,6
19,5
19,4
19,3
19,2
19,1
19,0
18,5
18,4
18,3
18,2
18,1
18,0
17,6
17,5
17,4
17,3
17,2
17,1
17,0
6,17
6,16
6,15
6,14
16,6
16,5
16,4
16,3
16,2
16,1
16,0
2,5
2,1
2,4
2,2
2,0
15,7
15,6
15,5
15,4
15,3
15,2
15,1
15,0
14,6
14,5
14,4
14,3
14,2
14,1
14,0
6,12
13,8
13,7
13,6
13,5
13,4
13,3
13,2
13,1
13,0
12,4
12,3
12,2
12,1
12,0
11,6
11,5
11,4
11,3
11,2
11,1
11,0
10,6
10,5
10,4
10,3
10,2
10,1
10,0
9,5
9,4
9,3
9,2
9,1
9,0
0,394
0,393
6,8
8,3
8,2
8,1
8,0
7,3
7,2
7,1
7,0
6,3
6,2
6,1
6,0
5,3
5,2
5,1
5,0
4,3
2,3
1,3
0,243
0,9
0,1
0,300
0,299
0,298
0,297
0,296
0,295
0,294
0,293
0,292
0,291
0,290
0,289
0,288
0,287
0,286
0,285
0,284
0,283
0,282
0,281
0,280
0,279
0,278
0,277
0,276
0,275
0,274
0,273
0,272
0,271
0,270
0,269
0,268
0,267
0,266
0,265
0,264
0,263
0,262
0,261
0,260
0,259
0,258
0,257
0,256
0,255
0,254
0,253
0,252
0,251
0,250
0,249
0,248
0,247
0,246
0,245
0,244
0,242
0,241
0,240
0,239
0,238
0,237
0,236
0,235
0,234
0,233
0,232
0,231
0,230
0,229
0,228
0,227
0,226
0,225
0,224
0,223
0,222
0,221
0,220
0,219
0,218
0,217
0,216
0,215
0,214
0,213
0,212
0,211
0,210
0,209
0,208
0,207
0,206
0,205
0,204
0,203
0,202
0,201
0,200
0,199
0,198
0,197
0,196
0,195
0,194
0,193
0,192
0,63
0,62
0,61
0,60
0,59
0,58
0,57
0,56
0,55
0,54
0,53
0,52
0,51
0,50
0,49
0,48
0,47
0,46
0,45
0,6
0,0
0,5
0,304
0,303
0,306
0,305
0,302
0,12
0,10
0,8
0,11
0,2
0,4
0,3
0,7
